tc: [ 7.34915431] +/- 0.0001
lmbda: -0.100742412826 +/- 0.0976513366118
